ED
0 0 1 2 2 3
0 4 4 5 5 3
6 7 8 8 9 9
6 6 10 10 11 11
12 13 13 14 14 15
16 16 13 14 17 15
80* 3 5- 2/ 11+ 1- 9* 2 3- 30* 11+ 2/ 6 8* 13+ 8+ 10* 1

0 1 2 2 3 3
4 4 4 5 5 5
4 4 6 6 7 8
9 10 10 11 7 8
9 12 12 13 13 8
14 14 12 13 15 15
6 6 2* 3/ 10+ 6* 6+ 5 24* 2- 2- 2 7+ 20* 8+ 2-


EASIEST
0 1 2 2 3 3
4 4 5 6 6 7
8 8 5 9 10 7
11 12 13 9 14 15
11 12 13 16 14 15
17 17 18 16 19 19
5 4 3/ 2- 3/ 2- 4+ 2/ 11+ 2/ 4 12* 2* 7+ 1- 15* 9+ 3/ 4 3/

0 0 1 1 2 2
3 3 4 5 6 6
3 7 4 8 8 9
3 7 10 11 11 12
13 13 10 11 14 12
15 15 16 16 17 17
6* 30* 3- 90* 8* 5 2* 2/ 1- 6 7+ 30* 7+ 20* 6 2- 2- 10*


EASY
0 1 1 2 2 3
0 4 1 5 3 3
0 6 6 5 7 8
9 10 10 11 7 8
12 13 13 14 14 15
12 16 16 16 17 17
12* 120* 5+ 12* 4 1- 5+ 5/ 7+ 6 3/ 4 3- 6+ 2/ 4 12* 7+

0 1 1 1 2 2
3 1 4 4 4 2
3 5 6 6 7 8
9 5 10 11 7 12
9 13 10 11 11 12
9 13 14 14 15 16
3 10+ 72* 10+ 30* 11+ 12* 5* 2 10* 6/ 18* 1- 1- 24* 2 1


HARD
0 1 1 2 2 3
0 4 4 5 5 3
6 6 4 7 8 8
9 9 9 7 10 10
11 12 12 13 13 14
11 15 15 16 16 14
7+ 6* 5/ 4- 120* 5- 5/ 12* 7+ 8* 8+ 6/ 8+ 2/ 5* 3/ 1-

0 1 1 2 2 3
0 4 5 5 6 3
7 8 8 9 6 10
11 11 12 9 9 10
11 11 12 13 14 14
15 16 16 17 17 17
6* 10* 3- 2/ 6 6+ 12* 5 2/ 17+ 2/ 12+ 7+ 3 10* 4 2/ 8+


EXPERT
0 1 1 2 3 3
4 4 5 2 6 6
7 7 5 5 5 8
9 10 11 12 13 8
9 14 11 12 13 8
9 14 15 15 16 16
4 2- 2/ 6/ 2- 288* 2- 5/ 9+ 90* 6 3/ 2- 4/ 2/ 6+ 1-

0 0 1 1 2 2
3 4 5 6 6 2
3 4 5 6 7 7
8 8 5 9 7 10
11 12 13 9 14 10
11 12 12 9 14 14
11+ 12* 9+ 12* 1- 11+ 3* 11+ 6/ 13+ 15* 1- 6* 6 80*


EXTREME
0 0 1 1 2 3
4 5 5 6 7 3
8 5 9 6 7 3
8 8 9 10 7 11
12 13 9 10 14 11
12 13 13 14 14 11
2- 5+ 5 6+ 5 12* 1- 9+ 10+ 11+ 3/ 15+ 6* 12+ 12*

0 0 1 1 2 2
0 3 3 1 4 2
5 5 3 1 4 6
5 7 7 8 4 6
9 7 8 8 10 10
9 9 11 11 12 12
8+ 300* 13+ 24* 6+ 75* 8* 12+ 6+ 12* 2- 9+ 20*

0 0 1 1 2 3
4 5 6 6 6 3
7 5 8 8 9 10
7 5 11 12 9 9
13 13 11 12 12 9
14 14 15 15 16 16
8+ 3/ 5 20* 3 30* 12+ 2/ 9+ 36* 2 1- 9+ 1- 9+ 6* 6*

0 0 1 1 2 3
4 4 5 5 2 2
4 4 5 6 7 8
9 10 10 6 7 8
9 10 11 11 7 12
13 13 11 14 14 12
10+ 4+ 4* 5 45* 12+ 2/ 12+ 6/ 9+ 60* 10+ 12* 2* 11+

0 0 1 2 2 3
4 4 5 6 2 3
7 7 5 6 8 8
7 9 9 6 10 8
11 9 12 12 10 10
11 11 13 13 14 14
4/ 3 60* 1- 11+ 2- 9+ 12* 12+ 24* 8+ 30* 9+ 2/ 2-

0 0 1 1 2 2
3 3 4 5 5 2
6 6 7 5 8 8
9 10 7 11 11 12
9 10 13 14 14 12
15 15 13 14 16 16
1- 1- 60* 8* 6 9+ 4/ 2- 8+ 6* 3- 24* 2/ 5+ 40* 4- 2/

0 1 1 2 2 2
1 1 3 3 4 5
6 7 7 3 4 4
6 8 9 10 11 11
12 8 9 10 13 13
12 14 14 14 15 15
1 15+ 12+ 72* 12+ 1 7+ 5/ 4/ 2- 7+ 10* 12* 9+ 24* 4-

0 1 1 1 2 2
0 3 3 4 5 5
6 7 7 4 4 8
6 9 7 10 11 8
12 9 10 10 11 13
12 9 14 14 13 13
6* 120* 1- 5/ 9+ 7+ 1- 12+ 24* 11+ 4* 8+ 6/ 60* 1-

0 0 1 1 1 2
3 3 4 5 5 2
6 6 4 5 7 7
8 6 6 9 9 9
8 10 11 12 13 13
10 10 11 12 13 14
4- 12+ 2/ 3+ 6* 15+ 240* 3* 9+ 10* 12+ 5/ 2- 60* 4

0 1 1 2 2 2
0 3 1 4 5 5
6 3 7 4 5 8
6 3 7 4 8 8
6 9 9 10 8 11
12 12 13 13 11
2/ 150* 8+ 36* 11+ 60* 12+ 6* 15+ 4/ 5 30* 6* 6+

0 0 0 1 1 1
2 2 2 3 3 3
4 5 6 6 7 7
4 5 8 9 10 7
11 5 8 9 10 10
12 12 13 13 14 14
9+ 30* 8+ 72* 3- 12+ 2/ 13+ 6/ 4+ 12* 4 18* 6+ 5/

0 1 1 1 2 3
0 4 5 5 2 3
6 4 7 2 2 3
6 6 7 8 8 8
9 10 11 11 12 12
9 10 13 13 13 12
3- 11+ 14+ 8+ 11+ 6* 24* 5/ 11+ 6* 4/ 6* 13+ 60*

0 1 1 2 3 3
4 4 5 2 6 6
7 7 5 2 8 6
9 9 10 11 8 12
13 9 10 11 14 12
13 13 15 15 14 14
5 5+ 120* 5- 2/ 4* 15* 1- 2/ 120* 9+ 2/ 7+ 6* 10+ 15*

0 1 1 2 3 3
0 0 4 2 5 6
7 7 4 2 5 6
8 9 9 10 5 6
8 8 9 10 11 12
13 13 13 10 11 12
45* 20* 11+ 8+ 12* 12+ 30* 2/ 11+ 36* 10+ 12* 5+ 12*

0 0 1 1 2 2
3 3 4 4 5 2
3 6 6 6 5 7
8 9 9 10 10 7
8 11 12 10 13 7
11 11 12 12 13 13
15* 2/ 10+ 24* 7+ 12* 8+ 60* 9+ 2- 9+ 10* 13+ 8*

0 0 1 1 2 3
4 5 6 1 2 3
7 5 6 1 8 9
7 7 10 8 8 9
11 12 10 13 13 13
11 12 14 14 15 15
5* 16+ 7+ 2/ 2 1- 8+ 18* 10+ 2/ 1- 24* 1- 10+ 2/ 6+

0 0 0 1 1 1
2 2 3 4 4 4
5 5 3 3 6 6
5 7 7 8 6 9
10 11 12 8 6 9
10 11 12 13 14 14
9+ 30* 1- 15+ 6* 12+ 48* 8+ 4/ 9+ 2/ 12* 5+ 3 30*

0 0 1 2 3 3
4 5 5 2 6 6
4 7 7 7 6 8
9 10 10 11 11 8
9 9 12 13 14 14
15 9 12 13 14 16
2- 1 11+ 2/ 1- 7+ 30* 11+ 2/ 12+ 2/ 1- 8+ 3/ 10+ 6 3
